14
*
11
*
1
*
00-1-20
#
01-1-21
#
02-1-22
#
03-1-23
#
04-1-30
#
05-1-31
#
06-1-32
#
07-1-33
#
08-1-34
#
09-1-35
#
10-1-36

*
11111111111111
00001110100001
00000100100000
00000000000000
00000100100000
11111100111111
00001100100001
00000100100000
00000000000000
00000100100000
00000100100000
*
00 00 01 00 00 00 00 00 00 00 00 01 00 00
02 02 02 02 09 03 06 02 03 02 02 02 02 10
02 02 02 02 02 03 02 02 03 02 02 02 02 02
02 02 02 02 02 02 02 02 02 02 02 02 02 02
02 02 02 02 02 03 02 02 03 02 02 02 02 02
00 00 01 00 00 04 02 02 05 00 00 01 00 00
02 02 02 02 08 03 02 02 03 02 02 02 02 07
02 02 02 02 02 03 02 02 03 02 02 02 02 02
02 02 02 02 02 02 02 02 02 02 02 02 02 02
02 02 02 02 02 03 02 02 03 02 02 02 02 02
02 02 02 02 02 03 02 02 03 02 02 02 02 02
*
06-09
*
06-10-01


