14
*
14
*
1
*
00-1-0
#
01-1-10
#
02-1-1
#
03-1-2
#
04-1-4
#
05-:1-5
#
06-1-6
#
07-1-7
#
08-1-8
#
09-1-9
#
10-1-14
#
11-1-15
#
12-1-16
#
13-1-17
#
14-1-18
#
15-1-19
#
16-1-24
#
17-1-25
#
18-1-26
#
19-1-27
#
20-1-28
#
21-1-29
*
00001111110000
00001111110000
00001101110000
00000000000000
00000000000000
00000000000000
00000000000000
01010000010001
00000000000000
00000000000000
00000000000000
00000000000000
01010000010001
00000000000000
*
01 01 01 01 04 05 06 07 08 09 01 01 01 01
01 01 01 01 10 11 12 13 14 15 01 01 01 01
01 01 01 01 16 17 18 19 20 21 01 01 01 01
01 01 01 01 01 01 01 01 01 01 01 01 01 01
00 02 02 02 02 02 02 02 02 02 02 02 02 00
00 02 02 02 02 02 02 02 02 02 02 02 02 00
01 01 01 01 01 00 00 01 01 01 00 00 01 01
01 03 01 03 01 02 02 01 01 03 02 02 01 03
01 01 01 01 01 00 00 01 01 01 00 00 01 01
00 02 02 02 02 02 02 02 02 02 02 02 02 00
00 02 02 02 02 02 02 02 02 02 02 02 02 00
01 01 01 01 01 00 00 01 01 01 00 00 01 01
01 03 01 03 01 02 02 01 01 03 02 02 01 03
01 01 01 01 01 00 00 01 01 01 00 00 01 01
